0.499508	0.000492126	0.532472 0.642161
0.499508	0.00147638	0.532472 0.642161
0.499508	0.00246063	0.532472 0.642161
0.499508	0.00344488	0.532472 0.642161
0.499508	0.00442913	0.532472 0.642161
0.499508	0.00541339	0.532472 0.642161
0.499508	0.00639764	0.532472 0.642161
0.499508	0.00738189	0.532472 0.642161
0.499508	0.00836614	0.532472 0.642161
0.499508	0.00935039	0.532472 0.642161
0.499508	0.0103346	0.532472 0.642161
0.499508	0.0113189	0.532472 0.642161
0.499508	0.0123031	0.532472 0.642161
0.499508	0.0132874	0.532472 0.642161
0.499508	0.0142717	0.532472 0.642161
0.499508	0.0152559	0.532472 0.642161
0.499508	0.0162402	0.532472 0.642161
0.499508	0.0172244	0.532472 0.642161
0.499508	0.0182087	0.532472 0.642161
0.499508	0.0191929	0.532472 0.642161
0.499508	0.0201772	0.532472 0.642161
0.499508	0.0211614	0.532472 0.642161
0.499508	0.0221457	0.532472 0.642161
0.499508	0.0231299	0.532472 0.642161
0.499508	0.0241142	0.532472 0.642161
0.499508	0.0250984	0.532472 0.642161
0.499508	0.0260827	0.532472 0.642161
0.499508	0.0270669	0.532472 0.642161
0.499508	0.0280512	0.532472 0.642161
0.499508	0.0290354	0.532472 0.642161
0.499508	0.0300197	0.532472 0.642161
0.499508	0.0310039	0.532472 0.642161
0.499508	0.0319882	0.532472 0.642161
0.499508	0.0329724	0.532472 0.642161
0.499508	0.0339567	0.532472 0.642161
0.499508	0.0349409	0.532472 0.642161
0.499508	0.0359252	0.532472 0.642161
0.499508	0.0369094	0.532472 0.642161
0.499508	0.0378937	0.532472 0.642161
0.499508	0.038878	0.532472 0.642161
0.499508	0.0398622	0.532472 0.642161
0.499508	0.0408465	0.532472 0.642161
0.499508	0.0418307	0.532472 0.642161
0.499508	0.042815	0.532472 0.642161
0.499508	0.0437992	0.532472 0.642161
0.499508	0.0447835	0.532472 0.642161
0.499508	0.0457677	0.532472 0.642161
0.499508	0.046752	0.532472 0.642161
0.499508	0.0477362	0.532472 0.642161
0.499508	0.0487205	0.532472 0.642161
0.499508	0.0497047	0.532472 0.642161
0.499508	0.050689	0.532472 0.642161
0.499508	0.0516732	0.532472 0.642161
0.499508	0.0526575	0.532472 0.642161
0.499508	0.0536417	0.532472 0.642161
0.499508	0.054626	0.532472 0.642161
0.499508	0.0556102	0.532472 0.642161
0.499508	0.0565945	0.532472 0.642161
0.499508	0.0575787	0.532472 0.642161
0.499508	0.058563	0.532472 0.642161
0.499508	0.0595472	0.532472 0.642161
0.499508	0.0605315	0.532472 0.642161
0.499508	0.0615157	0.532472 0.642161
0.499508	0.0625	0.532472 0.642161
0.499508	0.0634843	0.532472 0.642161
0.499508	0.0644685	0.532472 0.642161
0.499508	0.0654528	0.532472 0.642161
0.499508	0.066437	0.532472 0.642161
0.499508	0.0674213	0.532472 0.642161
0.499508	0.0684055	0.532472 0.642161
0.499508	0.0693898	0.532472 0.642161
0.499508	0.070374	0.532472 0.642161
0.499508	0.0713583	0.532472 0.642161
0.499508	0.0723425	0.532472 0.642161
0.499508	0.0733268	0.532472 0.642161
0.499508	0.074311	0.532472 0.642161
0.499508	0.0752953	0.532472 0.642161
0.499508	0.0762795	0.532472 0.642161
0.499508	0.0772638	0.532472 0.642161
0.499508	0.078248	0.532472 0.642161
0.499508	0.0792323	0.532472 0.642161
0.499508	0.0802165	0.532472 0.642161
0.499508	0.0812008	0.532472 0.642161
0.499508	0.082185	0.532472 0.642161
0.499508	0.0831693	0.532472 0.642161
0.499508	0.0841535	0.532472 0.642161
0.499508	0.0851378	0.532472 0.642161
0.499508	0.086122	0.532472 0.642161
0.499508	0.0871063	0.532472 0.642161
0.499508	0.0880906	0.532472 0.642161
0.499508	0.0890748	0.532472 0.642161
0.499508	0.0900591	0.532472 0.642161
0.499508	0.0910433	0.532472 0.642161
0.499508	0.0920276	0.532472 0.642161
0.499508	0.0930118	0.532472 0.642161
0.499508	0.0939961	0.532472 0.642161
0.499508	0.0949803	0.532472 0.642161
0.499508	0.0959646	0.532472 0.642161
0.499508	0.0969488	0.532472 0.642161
0.499508	0.0979331	0.532472 0.642161
0.499508	0.0989173	0.532472 0.642161
0.499508	0.0999016	0.532472 0.642161
0.499508	0.100886	0.532472 0.642161
0.499508	0.10187	0.532472 0.642161
0.499508	0.102854	0.532473 0.642162
0.499508	0.103839	0.532485 0.64217
0.499508	0.104823	0.532601 0.642255
0.499508	0.105807	0.533737 0.643068
0.499508	0.106791	0.544249 0.650232
0.499508	0.107776	0.629685 0.692928
0.499508	0.10876	0.893602 0.722691
0.499508	0.109744	1.0262 0.706968
0.499508	0.110728	1.05358 0.697895
0.499508	0.111713	1.05829 0.696526
0.499508	0.112697	1.05845 0.696518
0.499508	0.113681	1.05721 0.696817
0.499508	0.114665	1.05565 0.697142
0.499508	0.11565	1.05432 0.697326
0.499508	0.116634	1.05308 0.697484
0.499508	0.117618	1.05183 0.697624
0.499508	0.118602	1.05054 0.697765
0.499508	0.119587	1.04926 0.697877
0.499508	0.120571	1.04801 0.697952
0.499508	0.121555	1.0468 0.697998
0.499508	0.122539	1.04556 0.698003
0.499508	0.123524	1.04431 0.697984
0.499508	0.124508	1.04301 0.697941
0.499508	0.125492	1.04169 0.697859
0.499508	0.126476	1.04037 0.697715
0.499508	0.127461	1.03904 0.697491
0.499508	0.128445	1.03766 0.697163
0.499508	0.129429	1.0362 0.696692
0.499508	0.130413	1.03461 0.696017
0.499508	0.131398	1.03287 0.695058
0.499508	0.132382	1.0309 0.693717
0.499508	0.133366	1.02865 0.691851
0.499508	0.13435	1.02605 0.689285
0.499508	0.135335	1.02301 0.685792
0.499508	0.136319	1.01937 0.681107
0.499508	0.137303	1.01496 0.674908
0.499508	0.138287	1.00957 0.666829
0.499508	0.139272	1.00301 0.656442
0.499508	0.140256	0.99508 0.643283
0.499508	0.14124	0.985583 0.626843
0.499508	0.142224	0.974293 0.606614
0.499508	0.143209	0.961067 0.582063
0.499508	0.144193	0.945672 0.552743
0.499508	0.145177	0.928099 0.518193
0.499508	0.146161	0.908138 0.478147
0.499508	0.147146	0.88616 0.43227
0.499508	0.14813	0.861577 0.380439
0.499508	0.149114	0.835268 0.322268
0.499508	0.150098	0.808218 0.261069
0.499508	0.151083	0.783832 0.201986
0.499508	0.152067	0.763159 0.148083
0.499508	0.153051	0.74541 0.100661
0.499508	0.154035	0.730587 0.0587653
0.499508	0.15502	0.718419 0.0221307
0.499508	0.156004	0.70849 -0.00958307
0.499508	0.156988	0.700059 -0.0368859
0.499508	0.157972	0.692722 -0.0604113
0.499508	0.158957	0.686234 -0.0805516
0.499508	0.159941	0.680472 -0.0976576
0.499508	0.160925	0.675398 -0.112112
0.499508	0.161909	0.670972 -0.124226
0.499508	0.162894	0.66715 -0.134287
0.499508	0.163878	0.663853 -0.142568
0.499508	0.164862	0.661009 -0.149312
0.499508	0.165846	0.658543 -0.154747
0.499508	0.166831	0.656395 -0.159063
0.499508	0.167815	0.654516 -0.162429
0.499508	0.168799	0.652856 -0.16499
0.499508	0.169783	0.651373 -0.166873
0.499508	0.170768	0.650036 -0.168196
0.499508	0.171752	0.648816 -0.169048
0.499508	0.172736	0.647692 -0.169516
0.499508	0.17372	0.646708 -0.169659
0.499508	0.174705	0.645773 -0.169532
0.499508	0.175689	0.644799 -0.169077
0.499508	0.176673	0.643892 -0.168474
0.499508	0.177657	0.643011 -0.167681
0.499508	0.178642	0.642182 -0.16671
0.499508	0.179626	0.641348 -0.165558
0.499508	0.18061	0.640531 -0.164287
0.499508	0.181594	0.639712 -0.162892
0.499508	0.182579	0.638909 -0.161429
0.499508	0.183563	0.638099 -0.159886
0.499508	0.184547	0.637306 -0.158308
0.499508	0.185531	0.636515 -0.156684
0.499508	0.186516	0.635743 -0.155046
0.499508	0.1875	0.634976 -0.153379
0.499508	0.188484	0.634228 -0.151707
0.499508	0.189469	0.633486 -0.150015
0.499508	0.190453	0.63276 -0.14832
0.499508	0.191437	0.632037 -0.14661
0.499508	0.192421	0.631321 -0.144896
0.499508	0.193406	0.630596 -0.143167
0.499508	0.19439	0.629866 -0.141434
0.499508	0.195374	0.629119 -0.139687
0.499508	0.196358	0.628362 -0.137936
0.499508	0.197343	0.627588 -0.136172
0.499508	0.198327	0.626806 -0.134402
0.499508	0.199311	0.626013 -0.132623
0.499508	0.200295	0.625211 -0.130835
0.499508	0.20128	0.624402 -0.12904
0.499508	0.202264	0.623585 -0.127234
0.499508	0.203248	0.622764 -0.12542
0.499508	0.204232	0.621933 -0.123592
0.499508	0.205217	0.621098 -0.121756
0.499508	0.206201	0.620253 -0.119904
0.499508	0.207185	0.619405 -0.118047
0.499508	0.208169	0.618546 -0.116173
0.499508	0.209154	0.617684 -0.114296
0.499508	0.210138	0.61681 -0.112401
0.499508	0.211122	0.615933 -0.110502
0.499508	0.212106	0.615046 -0.108586
0.499508	0.213091	0.614156 -0.106663
0.499508	0.214075	0.613259 -0.104725
0.499508	0.215059	0.612359 -0.102781
0.499508	0.216043	0.611453 -0.100822
0.499508	0.217028	0.610544 -0.098858
0.499508	0.218012	0.609627 -0.0968791
0.499508	0.218996	0.608708 -0.0948947
0.499508	0.21998	0.607778 -0.0928945
0.499508	0.220965	0.606845 -0.0908873
0.499508	0.221949	0.605903 -0.0888641
0.499508	0.222933	0.604959 -0.0868332
0.499508	0.223917	0.60401 -0.0847894
0.499508	0.224902	0.60306 -0.0827367
0.499508	0.225886	0.602106 -0.0806719
0.499508	0.22687	0.601149 -0.0785981
0.499508	0.227854	0.600184 -0.0765096
0.499508	0.228839	0.599216 -0.0744126
0.499508	0.229823	0.598238 -0.0723012
0.499508	0.230807	0.597255 -0.0701813
0.499508	0.231791	0.596267 -0.0680514
0.499508	0.232776	0.595274 -0.0659121
0.499508	0.23376	0.59428 -0.063765
0.499508	0.234744	0.593284 -0.0616089
0.499508	0.235728	0.592286 -0.059444
0.499508	0.236713	0.591286 -0.0572704
0.499508	0.237697	0.590284 -0.0550883
0.499508	0.238681	0.58928 -0.052898
0.499508	0.239665	0.588274 -0.0507009
0.499508	0.24065	0.587267 -0.0484975
0.499508	0.241634	0.586257 -0.0462885
0.499508	0.242618	0.585246 -0.0440742
0.499508	0.243602	0.584234 -0.0418548
0.499508	0.244587	0.583222 -0.0396305
0.499508	0.245571	0.582212 -0.037402
0.499508	0.246555	0.581204 -0.0351698
0.499508	0.247539	0.580198 -0.0329346
0.499508	0.248524	0.579195 -0.0306972
0.499508	0.249508	0.578195 -0.0284589
0.499508	0.250492	0.577198 -0.0262207
0.499508	0.251476	0.576203 -0.0239834
0.499508	0.252461	0.575211 -0.0217487
0.499508	0.253445	0.574223 -0.0195153
0.499508	0.254429	0.573238 -0.0172862
0.499508	0.255413	0.572259 -0.0150586
0.499508	0.256398	0.571284 -0.0128359
0.499508	0.257382	0.570317 -0.0106164
0.499508	0.258366	0.569357 -0.00840223
0.499508	0.25935	0.568404 -0.00619561
0.499508	0.260335	0.56746 -0.00399448
0.499508	0.261319	0.566525 -0.00180351
0.499508	0.262303	0.565599 0.000375777
0.499508	0.263287	0.564684 0.00254026
0.499508	0.264272	0.563779 0.00468908
0.499508	0.265256	0.562887 0.00682214
0.499508	0.26624	0.562008 0.00893806
0.499508	0.267224	0.561142 0.0110362
0.499508	0.268209	0.560293 0.013117
0.499508	0.269193	0.559459 0.0151777
0.499508	0.270177	0.558642 0.0172185
0.499508	0.271161	0.557843 0.0192382
0.499508	0.272146	0.557059 0.0212308
0.499508	0.27313	0.556295 0.0232011
0.499508	0.274114	0.555547 0.0251392
0.499508	0.275098	0.554819 0.0270487
0.499508	0.276083	0.55411 0.0289265
0.499508	0.277067	0.553423 0.0307712
0.499508	0.278051	0.552757 0.0325807
0.499508	0.279035	0.552119 0.0343605
0.499508	0.28002	0.551503 0.0360995
0.499508	0.281004	0.550915 0.0378041
0.499508	0.281988	0.550356 0.0394718
0.499508	0.282972	0.549822 0.0410956
0.499508	0.283957	0.549314 0.0426765
0.499508	0.284941	0.548838 0.0442188
0.499508	0.285925	0.548387 0.0457106
0.499508	0.286909	0.547957 0.0471474
0.499508	0.287894	0.547574 0.04856
0.499508	0.288878	0.5472 0.0498975
0.499508	0.289862	0.546863 0.051194
0.499508	0.290846	0.546576 0.0524654
0.499508	0.291831	0.546286 0.0536424
0.499508	0.292815	0.546054 0.0548026
0.499508	0.293799	0.545853 0.0559083
0.499508	0.294783	0.545666 0.0569329
0.499508	0.295768	0.545534 0.0579336
0.499508	0.296752	0.545408 0.0588633
0.499508	0.297736	0.5453 0.059736
0.499508	0.29872	0.545247 0.0605606
0.499508	0.299705	0.54524 0.0613164
0.499508	0.300689	0.545262 0.06201
0.499508	0.301673	0.545311 0.0626434
0.499508	0.302657	0.54539 0.0632174
0.499508	0.303642	0.545503 0.0637318
0.499508	0.304626	0.545651 0.0641855
0.499508	0.30561	0.545834 0.064577
0.499508	0.306594	0.54605 0.0649045
0.499508	0.307579	0.546298 0.0651668
0.499508	0.308563	0.546577 0.0653636
0.499508	0.309547	0.546885 0.0654953
0.499508	0.310531	0.547219 0.0655645
0.499508	0.311516	0.547562 0.065581
0.499508	0.3125	0.547939 0.0655322
0.499508	0.313484	0.548382 0.0653842
0.499508	0.314469	0.548847 0.0651795
0.499508	0.315453	0.549317 0.0649343
0.499508	0.316437	0.549836 0.0646024
0.499508	0.317421	0.5504 0.0641844
0.499508	0.318406	0.550972 0.0637192
0.499508	0.31939	0.551562 0.0631954
0.499508	0.320374	0.552193 0.062587
0.499508	0.321358	0.552849 0.0619076
0.499508	0.322343	0.553524 0.0611644
0.499508	0.323327	0.554231 0.0603416
0.499508	0.324311	0.554964 0.0594427
0.499508	0.325295	0.555709 0.0584827
0.499508	0.32628	0.556474 0.0574509
0.499508	0.327264	0.557279 0.0563323
0.499508	0.328248	0.558093 0.0551501
0.499508	0.329232	0.558927 0.0538957
0.499508	0.330217	0.559792 0.052555
0.499508	0.331201	0.560671 0.0511442
0.499508	0.332185	0.561558 0.0496709
0.499508	0.333169	0.562458 0.0481253
0.499508	0.334154	0.563374 0.0465049
0.499508	0.335138	0.564301 0.0448108
0.499508	0.336122	0.565243 0.0430377
0.499508	0.337106	0.566201 0.0411813
0.499508	0.338091	0.567174 0.0392438
0.499508	0.339075	0.568157 0.0372276
0.499508	0.340059	0.569148 0.0351343
0.499508	0.341043	0.570144 0.0329677
0.499508	0.342028	0.571142 0.0307301
0.499508	0.343012	0.572143 0.0284186
0.499508	0.343996	0.573152 0.0260287
0.499508	0.34498	0.574167 0.0235608
0.499508	0.345965	0.575188 0.0210147
0.499508	0.346949	0.576213 0.0183912
0.499508	0.347933	0.577238 0.0156945
0.499508	0.348917	0.578257 0.0129278
0.499508	0.349902	0.579263 0.0100952
0.499508	0.350886	0.580258 0.00719924
0.499508	0.35187	0.581249 0.00423544
0.499508	0.352854	0.582234 0.00120243
0.499508	0.353839	0.583198 -0.00189498
0.499508	0.354823	0.584156 -0.00505841
0.499508	0.355807	0.585119 -0.00829137
0.499508	0.356791	0.586082 -0.0115934
0.499508	0.357776	0.587049 -0.01496
0.499508	0.35876	0.588024 -0.0183831
0.499508	0.359744	0.589006 -0.0218565
0.499508	0.360728	0.589999 -0.0253821
0.499508	0.361713	0.591005 -0.0289576
0.499508	0.362697	0.592026 -0.0325813
0.499508	0.363681	0.593055 -0.0362491
0.499508	0.364665	0.594098 -0.0399575
0.499508	0.36565	0.595156 -0.0437046
0.499508	0.366634	0.596226 -0.0474894
0.499508	0.367618	0.5973 -0.0513088
0.499508	0.368602	0.598378 -0.0551581
0.499508	0.369587	0.599458 -0.0590341
0.499508	0.370571	0.600538 -0.0629349
0.499508	0.371555	0.601612 -0.0668594
0.499508	0.372539	0.602679 -0.0708042
0.499508	0.373524	0.603737 -0.0747651
0.499508	0.374508	0.604784 -0.0787388
0.499508	0.375492	0.605817 -0.0827228
0.499508	0.376476	0.606835 -0.0867136
0.499508	0.377461	0.607837 -0.0907074
0.499508	0.378445	0.608818 -0.0946971
0.499508	0.379429	0.609776 -0.0986795
0.499508	0.380413	0.610717 -0.102641
0.499508	0.381398	0.611633 -0.106579
0.499508	0.382382	0.61253 -0.110486
0.499508	0.383366	0.613401 -0.114381
0.499508	0.38435	0.614251 -0.118268
0.499508	0.385335	0.615079 -0.12214
0.499508	0.386319	0.615868 -0.126001
0.499508	0.387303	0.616646 -0.129817
0.499508	0.388287	0.617388 -0.133621
0.499508	0.389272	0.618111 -0.137394
0.499508	0.390256	0.618815 -0.141136
0.499508	0.39124	0.619481 -0.144862
0.499508	0.392224	0.620141 -0.148525
0.499508	0.393209	0.620764 -0.152148
0.499508	0.394193	0.621363 -0.155712
0.499508	0.395177	0.621952 -0.15921
0.499508	0.396161	0.622499 -0.16269
0.499508	0.397146	0.623053 -0.16611
0.499508	0.39813	0.623586 -0.169487
0.499508	0.399114	0.624074 -0.172828
0.499508	0.400098	0.624575 -0.176077
0.499508	0.401083	0.625048 -0.179277
0.499508	0.402067	0.625477 -0.182433
0.499508	0.403051	0.625925 -0.185498
0.499508	0.404035	0.626345 -0.18852
0.499508	0.40502	0.626742 -0.191485
0.499508	0.406004	0.627149 -0.194359
0.499508	0.406988	0.627521 -0.197185
0.499508	0.407972	0.627882 -0.199935
0.499508	0.408957	0.628244 -0.202599
0.499508	0.409941	0.628591 -0.205197
0.499508	0.410925	0.628936 -0.207725
0.499508	0.411909	0.629287 -0.210184
0.499508	0.412894	0.629647 -0.21258
0.499508	0.413878	0.630019 -0.214916
0.499508	0.414862	0.630406 -0.21719
0.499508	0.415846	0.630808 -0.2194
0.499508	0.416831	0.631227 -0.22154
0.499508	0.417815	0.631667 -0.223609
0.499508	0.418799	0.632134 -0.225607
0.499508	0.419783	0.632634 -0.227533
0.499508	0.420768	0.633184 -0.229386
0.499508	0.421752	0.633802 -0.231183
0.499508	0.422736	0.634487 -0.232978
0.499508	0.42372	0.635279 -0.234861
0.499508	0.424705	0.636205 -0.2369
0.499508	0.425689	0.637243 -0.239059
0.499508	0.426673	0.638429 -0.241366
0.499508	0.427657	0.639825 -0.243861
0.499508	0.428642	0.641422 -0.246518
0.499508	0.429626	0.643286 -0.249455
0.499508	0.43061	0.64547 -0.252794
0.499508	0.431594	0.647922 -0.256488
0.499508	0.432579	0.650649 -0.260628
0.499508	0.433563	0.653786 -0.265526
0.499508	0.434547	0.657497 -0.271583
0.499508	0.435531	0.661782 -0.278952
0.499508	0.436516	0.666545 -0.287614
0.499508	0.4375	0.671218 -0.297618
0.499508	0.438484	0.675259 -0.308748
0.499508	0.439469	0.679365 -0.321898
0.499508	0.440453	0.68422 -0.338493
0.499508	0.441437	0.68837 -0.356608
0.499508	0.442421	0.691599 -0.375662
0.499508	0.443406	0.69595 -0.398159
0.499508	0.44439	0.701615 -0.424529
0.499508	0.445374	0.707417 -0.45224
0.499508	0.446358	0.714033 -0.482051
0.499508	0.447343	0.723019 -0.516453
0.499508	0.448327	0.733889 -0.554113
0.499508	0.449311	0.746282 -0.59387
0.499508	0.450295	0.761691 -0.638259
0.499508	0.45128	0.780309 -0.686997
0.499508	0.452264	0.800298 -0.734851
0.499508	0.453248	0.820059 -0.779026
0.499508	0.454232	0.838327 -0.819623
0.499508	0.455217	0.855027 -0.856574
0.499508	0.456201	0.870114 -0.889886
0.499508	0.457185	0.883598 -0.919646
0.499508	0.458169	0.895509 -0.946013
0.499508	0.459154	0.905924 -0.969185
0.499508	0.460138	0.91492 -0.989388
0.499508	0.461122	0.9226 -1.00687
0.499508	0.462106	0.92907 -1.02192
0.499508	0.463091	0.934465 -1.03479
0.499508	0.464075	0.938913 -1.04575
0.499508	0.465059	0.94254 -1.05509
0.499508	0.466043	0.945479 -1.06302
0.499508	0.467028	0.947857 -1.06976
0.499508	0.468012	0.949774 -1.07548
0.499508	0.468996	0.951323 -1.08034
0.499508	0.46998	0.952581 -1.08446
0.499508	0.470965	0.953632 -1.08797
0.499508	0.471949	0.95456 -1.09098
0.499508	0.472933	0.955464 -1.09362
0.499508	0.473917	0.956392 -1.096
0.499508	0.474902	0.957368 -1.09819
0.499508	0.475886	0.958401 -1.10021
0.499508	0.47687	0.959611 -1.10209
0.499508	0.477854	0.961195 -1.10388
0.499508	0.478839	0.963154 -1.10556
0.499508	0.479823	0.965413 -1.10713
0.499508	0.480807	0.967942 -1.10853
0.499508	0.481791	0.970702 -1.10979
0.499508	0.482776	0.973631 -1.11089
0.499508	0.48376	0.976723 -1.11188
0.499508	0.484744	0.979936 -1.1128
0.499508	0.485728	0.983333 -1.11366
0.499508	0.486713	0.987013 -1.11451
0.499508	0.487697	0.99113 -1.1154
0.499508	0.488681	0.995718 -1.11638
0.499508	0.489665	1.00051 -1.11746
0.499508	0.49065	1.00497 -1.11839
0.499508	0.491634	1.00899 -1.11917
0.499508	0.492618	1.01237 -1.11977
0.499508	0.493602	1.01482 -1.12016
0.499508	0.494587	1.01648 -1.12032
0.499508	0.495571	1.01715 -1.12019
0.499508	0.496555	1.01739 -1.12009
0.499508	0.497539	1.01726 -1.11978
0.499508	0.498524	1.01612 -1.11945
0.499508	0.499508	1.01183 -1.11788
0.499508	0.500492	1.00255 -1.11461
0.499508	0.501476	0.987176 -1.10908
0.499508	0.502461	0.973393 -1.10403
0.499508	0.503445	0.963098 -1.10034
0.499508	0.504429	0.955457 -1.09768
0.499508	0.505413	0.94965 -1.09574
0.499508	0.506398	0.945091 -1.09428
0.499508	0.507382	0.941428 -1.09316
0.499508	0.508366	0.938465 -1.0923
0.499508	0.50935	0.93608 -1.09165
0.499508	0.510335	0.934178 -1.09117
0.499508	0.511319	0.932733 -1.09086
0.499508	0.512303	0.931847 -1.09071
0.499508	0.513287	0.931281 -1.09061
0.499508	0.514272	0.930551 -1.09025
0.499508	0.515256	0.930042 -1.08994
0.499508	0.51624	0.92983 -1.08967
0.499508	0.517224	0.929658 -1.08919
0.499508	0.518209	0.929788 -1.08872
0.499508	0.519193	0.930556 -1.08838
0.499508	0.520177	0.93167 -1.08804
0.499508	0.521161	0.932655 -1.08734
0.499508	0.522146	0.933722 -1.08661
0.499508	0.52313	0.934854 -1.08566
0.499508	0.524114	0.936057 -1.08461
0.499508	0.525098	0.937324 -1.0834
0.499508	0.526083	0.93849 -1.08193
0.499508	0.527067	0.939553 -1.08021
0.499508	0.528051	0.940597 -1.07834
0.499508	0.529035	0.941555 -1.07628
0.499508	0.53002	0.942351 -1.07389
0.499508	0.531004	0.942968 -1.07123
0.499508	0.531988	0.943324 -1.06834
0.499508	0.532972	0.943352 -1.06459
0.499508	0.533957	0.942814 -1.05964
0.499508	0.534941	0.942005 -1.0539
0.499508	0.535925	0.940969 -1.04714
0.499508	0.536909	0.939383 -1.03962
0.499508	0.537894	0.937331 -1.03134
0.499508	0.538878	0.934377 -1.02141
0.499508	0.539862	0.930396 -1.01031
0.499508	0.540846	0.925512 -0.99738
0.499508	0.541831	0.919238 -0.981508
0.499508	0.542815	0.911718 -0.963621
0.499508	0.543799	0.902513 -0.942272
0.499508	0.544783	0.891969 -0.917558
0.499508	0.545768	0.879636 -0.889567
0.499508	0.546752	0.865449 -0.857643
0.499508	0.547736	0.849769 -0.821947
0.499508	0.54872	0.832497 -0.782131
0.499508	0.549705	0.8138 -0.738499
0.499508	0.550689	0.794508 -0.691313
0.499508	0.551673	0.775508 -0.642509
0.499508	0.552657	0.758063 -0.596189
0.499508	0.553642	0.742553 -0.553872
0.499508	0.554626	0.728739 -0.515274
0.499508	0.55561	0.716545 -0.480156
0.499508	0.556594	0.705801 -0.448322
0.499508	0.557579	0.696407 -0.41954
0.499508	0.558563	0.68825 -0.39359
0.499508	0.559547	0.68119 -0.37027
0.499508	0.560531	0.675161 -0.349333
0.499508	0.561516	0.670068 -0.33055
0.499508	0.5625	0.66577 -0.313737
0.499508	0.563484	0.662146 -0.298711
0.499508	0.564469	0.659092 -0.285298
0.499508	0.565453	0.656528 -0.273321
0.499508	0.566437	0.654374 -0.262628
0.499508	0.567421	0.652559 -0.253085
0.499508	0.568406	0.651022 -0.244565
0.499508	0.56939	0.649698 -0.236976
0.499508	0.570374	0.648542 -0.230223
0.499508	0.571358	0.647525 -0.22422
0.499508	0.572343	0.64662 -0.218894
0.499508	0.573327	0.645812 -0.214174
0.499508	0.574311	0.645079 -0.210008
0.499508	0.575295	0.644413 -0.206339
0.499508	0.57628	0.643808 -0.203125
0.499508	0.577264	0.643262 -0.200328
0.499508	0.578248	0.642772 -0.197918
0.499508	0.579232	0.642342 -0.195865
0.499508	0.580217	0.641977 -0.194142
0.499508	0.581201	0.641676 -0.192725
0.499508	0.582185	0.641434 -0.191601
0.499508	0.583169	0.641239 -0.190762
0.499508	0.584154	0.641088 -0.190199
0.499508	0.585138	0.640969 -0.1899
0.499508	0.586122	0.640836 -0.189852
0.499508	0.587106	0.640804 -0.190096
0.499508	0.588091	0.640818 -0.190603
0.499508	0.589075	0.640914 -0.191389
0.499508	0.590059	0.641151 -0.192484
0.499508	0.591043	0.641567 -0.193935
0.499508	0.592028	0.642193 -0.195787
0.499508	0.593012	0.64307 -0.198097
0.499508	0.593996	0.644232 -0.200927
0.499508	0.59498	0.645705 -0.204337
0.499508	0.595965	0.647509 -0.208394
0.499508	0.596949	0.649663 -0.213158
0.499508	0.597933	0.652217 -0.218711
0.499508	0.598917	0.655232 -0.225165
0.499508	0.599902	0.658739 -0.232596
0.499508	0.600886	0.662815 -0.241127
0.499508	0.60187	0.667576 -0.250919
0.499508	0.602854	0.673182 -0.262163
0.499508	0.603839	0.679855 -0.275089
0.499508	0.604823	0.687859 -0.289942
0.499508	0.605807	0.697525 -0.30702
0.499508	0.606791	0.70926 -0.326697
0.499508	0.607776	0.723518 -0.349383
0.499508	0.60876	0.740779 -0.37547
0.499508	0.609744	0.76158 -0.40538
0.499508	0.610728	0.786563 -0.439604
0.499508	0.611713	0.81633 -0.47777
0.499508	0.612697	0.84837 -0.514808
0.499508	0.613681	0.880755 -0.5483
0.499508	0.614665	0.911872 -0.577833
0.499508	0.61565	0.94145 -0.603544
0.499508	0.616634	0.969307 -0.625582
0.499508	0.617618	0.995221 -0.64408
0.499508	0.618602	1.019 -0.659252
0.499508	0.619587	1.0406 -0.6714
0.499508	0.620571	1.06016 -0.680959
0.499508	0.621555	1.07798 -0.688398
0.499508	0.622539	1.09417 -0.693843
0.499508	0.623524	1.10905 -0.697502
0.499508	0.624508	1.12283 -0.699712
0.499508	0.625492	1.13575 -0.700785
0.499508	0.626476	1.1481 -0.70105
0.499508	0.627461	1.15992 -0.700657
0.499508	0.628445	1.17115 -0.699757
0.499508	0.629429	1.18196 -0.698499
0.499508	0.630413	1.19234 -0.697002
0.499508	0.631398	1.20229 -0.695358
0.499508	0.632382	1.21179 -0.693546
0.499508	0.633366	1.22082 -0.691522
0.499508	0.63435	1.22941 -0.689268
0.499508	0.635335	1.23755 -0.686782
0.499508	0.636319	1.24528 -0.68407
0.499508	0.637303	1.25264 -0.681164
0.499508	0.638287	1.25967 -0.678095
0.499508	0.639272	1.26643 -0.674865
0.499508	0.640256	1.27295 -0.671493
0.499508	0.64124	1.27924 -0.668022
0.499508	0.642224	1.28531 -0.66453
0.499508	0.643209	1.2912 -0.66105
0.499508	0.644193	1.29695 -0.657563
0.499508	0.645177	1.30257 -0.654052
0.499508	0.646161	1.30807 -0.650516
0.499508	0.647146	1.31343 -0.646959
0.499508	0.64813	1.31866 -0.643382
0.499508	0.649114	1.32376 -0.639789
0.499508	0.650098	1.32871 -0.636178
0.499508	0.651083	1.33352 -0.632552
0.499508	0.652067	1.33821 -0.628913
0.499508	0.653051	1.34276 -0.625263
0.499508	0.654035	1.3472 -0.621605
0.499508	0.65502	1.35151 -0.617941
0.499508	0.656004	1.3557 -0.614278
0.499508	0.656988	1.35977 -0.610623
0.499508	0.657972	1.36373 -0.606977
0.499508	0.658957	1.3676 -0.603341
0.499508	0.659941	1.37136 -0.599713
0.499508	0.660925	1.37502 -0.596094
0.499508	0.661909	1.37859 -0.592482
0.499508	0.662894	1.38207 -0.588875
0.499508	0.663878	1.38545 -0.585267
0.499508	0.664862	1.38875 -0.581658
0.499508	0.665846	1.39197 -0.578058
0.499508	0.666831	1.39512 -0.574488
0.499508	0.667815	1.39822 -0.570962
0.499508	0.668799	1.40127 -0.567488
0.499508	0.669783	1.40427 -0.56407
0.499508	0.670768	1.40724 -0.560711
0.499508	0.671752	1.41018 -0.557417
0.499508	0.672736	1.41309 -0.55419
0.499508	0.67372	1.41598 -0.551033
0.499508	0.674705	1.41886 -0.547947
0.499508	0.675689	1.42173 -0.544936
0.499508	0.676673	1.4246 -0.542003
0.499508	0.677657	1.42746 -0.539151
0.499508	0.678642	1.43033 -0.53638
0.499508	0.679626	1.43319 -0.533694
0.499508	0.68061	1.43607 -0.531094
0.499508	0.681594	1.43895 -0.528582
0.499508	0.682579	1.44183 -0.526155
0.499508	0.683563	1.44473 -0.523811
0.499508	0.684547	1.44764 -0.521546
0.499508	0.685531	1.45056 -0.519356
0.499508	0.686516	1.4535 -0.517236
0.499508	0.6875	1.45647 -0.515181
0.499508	0.688484	1.45945 -0.513188
0.499508	0.689469	1.46244 -0.511247
0.499508	0.690453	1.46541 -0.509348
0.499508	0.691437	1.46836 -0.507482
0.499508	0.692421	1.47127 -0.505644
0.499508	0.693406	1.47414 -0.503826
0.499508	0.69439	1.47697 -0.50203
0.499508	0.695374	1.47975 -0.500252
0.499508	0.696358	1.48251 -0.498494
0.499508	0.697343	1.48524 -0.49675
0.499508	0.698327	1.48795 -0.495025
0.499508	0.699311	1.49066 -0.493315
0.499508	0.700295	1.49337 -0.491615
0.499508	0.70128	1.49609 -0.489921
0.499508	0.702264	1.49883 -0.488231
0.499508	0.703248	1.5016 -0.486543
0.499508	0.704232	1.50445 -0.484857
0.499508	0.705217	1.50741 -0.483176
0.499508	0.706201	1.51056 -0.481513
0.499508	0.707185	1.51376 -0.479827
0.499508	0.708169	1.51674 -0.478062
0.499508	0.709154	1.51934 -0.476184
0.499508	0.710138	1.52149 -0.474168
0.499508	0.711122	1.52313 -0.471993
0.499508	0.712106	1.52428 -0.469636
0.499508	0.713091	1.52497 -0.467082
0.499508	0.714075	1.52531 -0.464313
0.499508	0.715059	1.52542 -0.461304
0.499508	0.716043	1.52542 -0.458028
0.499508	0.717028	1.52534 -0.454423
0.499508	0.718012	1.52515 -0.450416
0.499508	0.718996	1.52485 -0.44593
0.499508	0.71998	1.52437 -0.440892
0.499508	0.720965	1.52337 -0.435217
0.499508	0.721949	1.52137 -0.428296
0.499508	0.722933	1.51856 -0.420434
0.499508	0.723917	1.51467 -0.411239
0.499508	0.724902	1.50967 -0.400686
0.499508	0.725886	1.50351 -0.388796
0.499508	0.72687	1.496 -0.375372
0.499508	0.727854	1.48777 -0.361628
0.499508	0.728839	1.48014 -0.34879
0.499508	0.729823	1.4738 -0.337404
0.499508	0.730807	1.46853 -0.327413
0.499508	0.731791	1.46422 -0.31866
0.499508	0.732776	1.46073 -0.311014
0.499508	0.73376	1.45791 -0.30436
0.499508	0.734744	1.45568 -0.298518
0.499508	0.735728	1.4539 -0.293425
0.499508	0.736713	1.45254 -0.28891
0.499508	0.737697	1.45144 -0.284925
0.499508	0.738681	1.45053 -0.281358
0.499508	0.739665	1.44981 -0.278136
0.499508	0.74065	1.44924 -0.275199
0.499508	0.741634	1.44882 -0.272496
0.499508	0.742618	1.44852 -0.269984
0.499508	0.743602	1.44832 -0.267626
0.499508	0.744587	1.44821 -0.265392
0.499508	0.745571	1.44816 -0.263256
0.499508	0.746555	1.44814 -0.261198
0.499508	0.747539	1.44816 -0.2592
0.499508	0.748524	1.44824 -0.257255
0.499508	0.749508	1.44841 -0.255362
0.499508	0.750492	1.4487 -0.253514
0.499508	0.751476	1.44908 -0.251711
0.499508	0.752461	1.44945 -0.249926
0.499508	0.753445	1.44973 -0.248143
0.499508	0.754429	1.44995 -0.246366
0.499508	0.755413	1.45011 -0.244595
0.499508	0.756398	1.45023 -0.242832
0.499508	0.757382	1.45032 -0.241075
0.499508	0.758366	1.45038 -0.239324
0.499508	0.75935	1.45043 -0.237577
0.499508	0.760335	1.45046 -0.235831
0.499508	0.761319	1.45049 -0.234086
0.499508	0.762303	1.45053 -0.23234
0.499508	0.763287	1.45056 -0.230609
0.499508	0.764272	1.45058 -0.228915
0.499508	0.765256	1.45061 -0.227263
0.499508	0.76624	1.45064 -0.225653
0.499508	0.767224	1.45068 -0.224089
0.499508	0.768209	1.45073 -0.222571
0.499508	0.769193	1.45079 -0.221099
0.499508	0.770177	1.45088 -0.219673
0.499508	0.771161	1.45099 -0.218292
0.499508	0.772146	1.45113 -0.216955
0.499508	0.77313	1.45131 -0.215659
0.499508	0.774114	1.45152 -0.214404
0.499508	0.775098	1.45178 -0.213187
0.499508	0.776083	1.45209 -0.212008
0.499508	0.777067	1.45245 -0.210863
0.499508	0.778051	1.45286 -0.209751
0.499508	0.779035	1.45333 -0.208668
0.499508	0.78002	1.45385 -0.207613
0.499508	0.781004	1.45444 -0.206583
0.499508	0.781988	1.45508 -0.205575
0.499508	0.782972	1.45574 -0.204585
0.499508	0.783957	1.45638 -0.203603
0.499508	0.784941	1.45697 -0.202628
0.499508	0.785925	1.45752 -0.20166
0.499508	0.786909	1.45803 -0.200697
0.499508	0.787894	1.4585 -0.199739
0.499508	0.788878	1.45894 -0.198787
0.499508	0.789862	1.45936 -0.197839
0.499508	0.790846	1.45975 -0.196896
0.499508	0.791831	1.46011 -0.195955
0.499508	0.792815	1.46045 -0.195017
0.499508	0.793799	1.46078 -0.19408
0.499508	0.794783	1.46109 -0.193145
0.499508	0.795768	1.46138 -0.19221
0.499508	0.796752	1.46166 -0.191276
0.499508	0.797736	1.46193 -0.190342
0.499508	0.79872	1.46219 -0.189409
0.499508	0.799705	1.46244 -0.188477
0.499508	0.800689	1.46268 -0.187547
0.499508	0.801673	1.46291 -0.186622
0.499508	0.802657	1.46315 -0.185705
0.499508	0.803642	1.46337 -0.1848
0.499508	0.804626	1.46359 -0.183907
0.499508	0.80561	1.46381 -0.183025
0.499508	0.806594	1.46402 -0.182155
0.499508	0.807579	1.46423 -0.181295
0.499508	0.808563	1.46444 -0.180446
0.499508	0.809547	1.46464 -0.179607
0.499508	0.810531	1.46484 -0.178777
0.499508	0.811516	1.46504 -0.177957
0.499508	0.8125	1.46523 -0.177146
0.499508	0.813484	1.46543 -0.176342
0.499508	0.814469	1.46562 -0.175547
0.499508	0.815453	1.46582 -0.17476
0.499508	0.816437	1.46601 -0.173981
0.499508	0.817421	1.4662 -0.17321
0.499508	0.818406	1.46639 -0.172447
0.499508	0.81939	1.46657 -0.171694
0.499508	0.820374	1.46676 -0.170948
0.499508	0.821358	1.46694 -0.170211
0.499508	0.822343	1.46713 -0.169481
0.499508	0.823327	1.46731 -0.168759
0.499508	0.824311	1.46749 -0.168045
0.499508	0.825295	1.46767 -0.167337
0.499508	0.82628	1.46785 -0.166637
0.499508	0.827264	1.46803 -0.165944
0.499508	0.828248	1.4682 -0.165257
0.499508	0.829232	1.46838 -0.164578
0.499508	0.830217	1.46856 -0.163904
0.499508	0.831201	1.46873 -0.163238
0.499508	0.832185	1.4689 -0.162578
0.499508	0.833169	1.46908 -0.161924
0.499508	0.834154	1.46925 -0.161276
0.499508	0.835138	1.46942 -0.160633
0.499508	0.836122	1.4696 -0.159995
0.499508	0.837106	1.46977 -0.159362
0.499508	0.838091	1.46994 -0.158735
0.499508	0.839075	1.47011 -0.158115
0.499508	0.840059	1.47027 -0.1575
0.499508	0.841043	1.47044 -0.156892
0.499508	0.842028	1.4706 -0.15629
0.499508	0.843012	1.47076 -0.155696
0.499508	0.843996	1.47091 -0.155109
0.499508	0.84498	1.47107 -0.154529
0.499508	0.845965	1.47122 -0.153957
0.499508	0.846949	1.47136 -0.153392
0.499508	0.847933	1.47151 -0.152833
0.499508	0.848917	1.47165 -0.15228
0.499508	0.849902	1.4718 -0.151731
0.499508	0.850886	1.47194 -0.151187
0.499508	0.85187	1.47208 -0.150647
0.499508	0.852854	1.47223 -0.150111
0.499508	0.853839	1.47237 -0.149578
0.499508	0.854823	1.47252 -0.149048
0.499508	0.855807	1.47266 -0.148519
0.499508	0.856791	1.47281 -0.147993
0.499508	0.857776	1.47296 -0.147469
0.499508	0.85876	1.47312 -0.146947
0.499508	0.859744	1.47327 -0.146428
0.499508	0.860728	1.47342 -0.145915
0.499508	0.861713	1.47357 -0.145407
0.499508	0.862697	1.47371 -0.144906
0.499508	0.863681	1.47386 -0.14441
0.499508	0.864665	1.474 -0.143921
0.499508	0.86565	1.47413 -0.143438
0.499508	0.866634	1.47427 -0.142962
0.499508	0.867618	1.4744 -0.142491
0.499508	0.868602	1.47453 -0.142026
0.499508	0.869587	1.47466 -0.141566
0.499508	0.870571	1.47479 -0.141111
0.499508	0.871555	1.47492 -0.14066
0.499508	0.872539	1.47505 -0.140214
0.499508	0.873524	1.47518 -0.139771
0.499508	0.874508	1.4753 -0.139332
0.499508	0.875492	1.47543 -0.138897
0.499508	0.876476	1.47556 -0.138464
0.499508	0.877461	1.47569 -0.138034
0.499508	0.878445	1.47582 -0.137605
0.499508	0.879429	1.47595 -0.137178
0.499508	0.880413	1.47609 -0.136752
0.499508	0.881398	1.47622 -0.136327
0.499508	0.882382	1.47636 -0.135906
0.499508	0.883366	1.47649 -0.13549
0.499508	0.88435	1.47662 -0.135079
0.499508	0.885335	1.47675 -0.134673
0.499508	0.886319	1.47687 -0.134273
0.499508	0.887303	1.477 -0.133878
0.499508	0.888287	1.47712 -0.133487
0.499508	0.889272	1.47724 -0.1331
0.499508	0.890256	1.47735 -0.132716
0.499508	0.89124	1.47747 -0.132336
0.499508	0.892224	1.47759 -0.131959
0.499508	0.893209	1.4777 -0.131585
0.499508	0.894193	1.47782 -0.131213
0.499508	0.895177	1.47793 -0.130843
0.499508	0.896161	1.47805 -0.130475
0.499508	0.897146	1.47817 -0.130109
0.499508	0.89813	1.47829 -0.129743
0.499508	0.899114	1.47841 -0.12938
0.499508	0.900098	1.47853 -0.129017
0.499508	0.901083	1.47865 -0.128657
0.499508	0.902067	1.47877 -0.128299
0.499508	0.903051	1.47889 -0.127944
0.499508	0.904035	1.47901 -0.127592
0.499508	0.90502	1.47913 -0.127244
0.499508	0.906004	1.47925 -0.1269
0.499508	0.906988	1.47937 -0.126559
0.499508	0.907972	1.47948 -0.126223
0.499508	0.908957	1.4796 -0.125889
0.499508	0.909941	1.47971 -0.125559
0.499508	0.910925	1.47982 -0.125233
0.499508	0.911909	1.47993 -0.12491
0.499508	0.912894	1.48004 -0.124589
0.499508	0.913878	1.48015 -0.124272
0.499508	0.914862	1.48026 -0.123958
0.499508	0.915846	1.48037 -0.123645
0.499508	0.916831	1.48048 -0.123335
0.499508	0.917815	1.48059 -0.123027
0.499508	0.918799	1.48069 -0.12272
0.499508	0.919783	1.4808 -0.122415
0.499508	0.920768	1.48091 -0.122111
0.499508	0.921752	1.48102 -0.121808
0.499508	0.922736	1.48113 -0.121506
0.499508	0.92372	1.48124 -0.121208
0.499508	0.924705	1.48134 -0.120914
0.499508	0.925689	1.48145 -0.120622
0.499508	0.926673	1.48155 -0.120334
0.499508	0.927657	1.48165 -0.120049
0.499508	0.928642	1.48176 -0.119766
0.499508	0.929626	1.48186 -0.119486
0.499508	0.93061	1.48196 -0.119209
0.499508	0.931594	1.48206 -0.118934
0.499508	0.932579	1.48217 -0.11866
0.499508	0.933563	1.48227 -0.118389
0.499508	0.934547	1.48237 -0.11812
0.499508	0.935531	1.48248 -0.117852
0.499508	0.936516	1.48258 -0.117586
0.499508	0.9375	1.48269 -0.11732
0.499508	0.938484	1.4828 -0.117055
0.499508	0.939469	1.48291 -0.11679
0.499508	0.940453	1.48302 -0.116528
0.499508	0.941437	1.48312 -0.116269
0.499508	0.942421	1.48323 -0.116016
0.499508	0.943406	1.48333 -0.115766
0.499508	0.94439	1.48343 -0.115519
0.499508	0.945374	1.48353 -0.115276
0.499508	0.946358	1.48363 -0.115034
0.499508	0.947343	1.48373 -0.114795
0.499508	0.948327	1.48382 -0.114557
0.499508	0.949311	1.48392 -0.114321
0.499508	0.950295	1.48402 -0.114086
0.499508	0.95128	1.48411 -0.113852
0.499508	0.952264	1.48421 -0.113618
0.499508	0.953248	1.48431 -0.113383
0.499508	0.954232	1.48441 -0.113149
0.499508	0.955217	1.48451 -0.112914
0.499508	0.956201	1.48462 -0.112679
0.499508	0.957185	1.48473 -0.112445
0.499508	0.958169	1.48483 -0.112215
0.499508	0.959154	1.48493 -0.111988
0.499508	0.960138	1.48503 -0.111766
0.499508	0.961122	1.48513 -0.111546
0.499508	0.962106	1.48523 -0.111328
0.499508	0.963091	1.48533 -0.111112
0.499508	0.964075	1.48544 -0.110896
0.499508	0.965059	1.48554 -0.110679
0.499508	0.966043	1.48564 -0.110459
0.499508	0.967028	1.48573 -0.110237
0.499508	0.968012	1.48583 -0.110012
0.499508	0.968996	1.48591 -0.109788
0.499508	0.96998	1.486 -0.10957
0.499508	0.970965	1.48607 -0.10936
0.499508	0.971949	1.48615 -0.109157
0.499508	0.972933	1.48622 -0.108962
0.499508	0.973917	1.4863 -0.108775
0.499508	0.974902	1.48636 -0.108597
0.499508	0.975886	1.48643 -0.108429
0.499508	0.97687	1.48648 -0.108268
0.499508	0.977854	1.48654 -0.108114
0.499508	0.978839	1.48659 -0.107963
0.499508	0.979823	1.48664 -0.107814
0.499508	0.980807	1.48669 -0.107667
0.499508	0.981791	1.48674 -0.107522
0.499508	0.982776	1.48679 -0.10738
0.499508	0.98376	1.48684 -0.107241
0.499508	0.984744	1.48689 -0.107105
0.499508	0.985728	1.48694 -0.106972
0.499508	0.986713	1.487 -0.106842
0.499508	0.987697	1.48706 -0.106714
0.499508	0.988681	1.48712 -0.106587
0.499508	0.989665	1.48718 -0.10646
0.499508	0.99065	1.48725 -0.106332
0.499508	0.991634	1.48733 -0.106206
0.499508	0.992618	1.4874 -0.106081
0.499508	0.993602	1.48748 -0.105957
0.499508	0.994587	1.48757 -0.105834
0.499508	0.995571	1.48766 -0.105711
0.499508	0.996555	1.48775 -0.105589
0.499508	0.997539	1.48785 -0.105467
0.499508	0.998524	1.48795 -0.105344
0.499508	0.999508	1.48811 -0.10516
